2500
0 0
0 10
0 20
0 30
0 40
0 50
0 60
0 70
0 80
0 90
0 100
0 110
0 120
0 130
0 140
0 150
0 160
0 170
0 180
0 190
0 200
0 210
0 220
0 230
0 240
10 0
10 10
10 20
10 30
10 40
10 50
10 60
10 70
10 80
10 90
10 100
10 110
10 120
10 130
10 140
10 150
10 160
10 170
10 180
10 190
10 200
10 210
10 220
10 230
10 240
20 0
20 10
20 20
20 30
20 40
20 50
20 60
20 70
20 80
20 90
20 100
20 110
20 120
20 130
20 140
20 150
20 160
20 170
20 180
20 190
20 200
20 210
20 220
20 230
20 240
30 0
30 10
30 20
30 30
30 40
30 50
30 60
30 70
30 80
30 90
30 100
30 110
30 120
30 130
30 140
30 150
30 160
30 170
30 180
30 190
30 200
30 210
30 220
30 230
30 240
40 0
40 10
40 20
40 30
40 40
40 50
40 60
40 70
40 80
40 90
40 100
40 110
40 120
40 130
40 140
40 150
40 160
40 170
40 180
40 190
40 200
40 210
40 220
40 230
40 240
50 0
50 10
50 20
50 30
50 40
50 50
50 60
50 70
50 80
50 90
50 100
50 110
50 120
50 130
50 140
50 150
50 160
50 170
50 180
50 190
50 200
50 210
50 220
50 230
50 240
60 0
60 10
60 20
60 30
60 40
60 50
60 60
60 70
60 80
60 90
60 100
60 110
60 120
60 130
60 140
60 150
60 160
60 170
60 180
60 190
60 200
60 210
60 220
60 230
60 240
70 0
70 10
70 20
70 30
70 40
70 50
70 60
70 70
70 80
70 90
70 100
70 110
70 120
70 130
70 140
70 150
70 160
70 170
70 180
70 190
70 200
70 210
70 220
70 230
70 240
80 0
80 10
80 20
80 30
80 40
80 50
80 60
80 70
80 80
80 90
80 100
80 110
80 120
80 130
80 140
80 150
80 160
80 170
80 180
80 190
80 200
80 210
80 220
80 230
80 240
90 0
90 10
90 20
90 30
90 40
90 50
90 60
90 70
90 80
90 90
90 100
90 110
90 120
90 130
90 140
90 150
90 160
90 170
90 180
90 190
90 200
90 210
90 220
90 230
90 240
100 0
100 10
100 20
100 30
100 40
100 50
100 60
100 70
100 80
100 90
100 100
100 110
100 120
100 130
100 140
100 150
100 160
100 170
100 180
100 190
100 200
100 210
100 220
100 230
100 240
110 0
110 10
110 20
110 30
110 40
110 50
110 60
110 70
110 80
110 90
110 100
110 110
110 120
110 130
110 140
110 150
110 160
110 170
110 180
110 190
110 200
110 210
110 220
110 230
110 240
120 0
120 10
120 20
120 30
120 40
120 50
120 60
120 70
120 80
120 90
120 100
120 110
120 120
120 130
120 140
120 150
120 160
120 170
120 180
120 190
120 200
120 210
120 220
120 230
120 240
130 0
130 10
130 20
130 30
130 40
130 50
130 60
130 70
130 80
130 90
130 100
130 110
130 120
130 130
130 140
130 150
130 160
130 170
130 180
130 190
130 200
130 210
130 220
130 230
130 240
140 0
140 10
140 20
140 30
140 40
140 50
140 60
140 70
140 80
140 90
140 100
140 110
140 120
140 130
140 140
140 150
140 160
140 170
140 180
140 190
140 200
140 210
140 220
140 230
140 240
150 0
150 10
150 20
150 30
150 40
150 50
150 60
150 70
150 80
150 90
150 100
150 110
150 120
150 130
150 140
150 150
150 160
150 170
150 180
150 190
150 200
150 210
150 220
150 230
150 240
160 0
160 10
160 20
160 30
160 40
160 50
160 60
160 70
160 80
160 90
160 100
160 110
160 120
160 130
160 140
160 150
160 160
160 170
160 180
160 190
160 200
160 210
160 220
160 230
160 240
170 0
170 10
170 20
170 30
170 40
170 50
170 60
170 70
170 80
170 90
170 100
170 110
170 120
170 130
170 140
170 150
170 160
170 170
170 180
170 190
170 200
170 210
170 220
170 230
170 240
180 0
180 10
180 20
180 30
180 40
180 50
180 60
180 70
180 80
180 90
180 100
180 110
180 120
180 130
180 140
180 150
180 160
180 170
180 180
180 190
180 200
180 210
180 220
180 230
180 240
190 0
190 10
190 20
190 30
190 40
190 50
190 60
190 70
190 80
190 90
190 100
190 110
190 120
190 130
190 140
190 150
190 160
190 170
190 180
190 190
190 200
190 210
190 220
190 230
190 240
200 0
200 10
200 20
200 30
200 40
200 50
200 60
200 70
200 80
200 90
200 100
200 110
200 120
200 130
200 140
200 150
200 160
200 170
200 180
200 190
200 200
200 210
200 220
200 230
200 240
210 0
210 10
210 20
210 30
210 40
210 50
210 60
210 70
210 80
210 90
210 100
210 110
210 120
210 130
210 140
210 150
210 160
210 170
210 180
210 190
210 200
210 210
210 220
210 230
210 240
220 0
220 10
220 20
220 30
220 40
220 50
220 60
220 70
220 80
220 90
220 100
220 110
220 120
220 130
220 140
220 150
220 160
220 170
220 180
220 190
220 200
220 210
220 220
220 230
220 240
230 0
230 10
230 20
230 30
230 40
230 50
230 60
230 70
230 80
230 90
230 100
230 110
230 120
230 130
230 140
230 150
230 160
230 170
230 180
230 190
230 200
230 210
230 220
230 230
230 240
240 0
240 10
240 20
240 30
240 40
240 50
240 60
240 70
240 80
240 90
240 100
240 110
240 120
240 130
240 140
240 150
240 160
240 170
240 180
240 190
240 200
240 210
240 220
240 230
240 240
250 0
250 10
250 20
250 30
250 40
250 50
250 60
250 70
250 80
250 90
250 100
250 110
250 120
250 130
250 140
250 150
250 160
250 170
250 180
250 190
250 200
250 210
250 220
250 230
250 240
260 0
260 10
260 20
260 30
260 40
260 50
260 60
260 70
260 80
260 90
260 100
260 110
260 120
260 130
260 140
260 150
260 160
260 170
260 180
260 190
260 200
260 210
260 220
260 230
260 240
270 0
270 10
270 20
270 30
270 40
270 50
270 60
270 70
270 80
270 90
270 100
270 110
270 120
270 130
270 140
270 150
270 160
270 170
270 180
270 190
270 200
270 210
270 220
270 230
270 240
280 0
280 10
280 20
280 30
280 40
280 50
280 60
280 70
280 80
280 90
280 100
280 110
280 120
280 130
280 140
280 150
280 160
280 170
280 180
280 190
280 200
280 210
280 220
280 230
280 240
290 0
290 10
290 20
290 30
290 40
290 50
290 60
290 70
290 80
290 90
290 100
290 110
290 120
290 130
290 140
290 150
290 160
290 170
290 180
290 190
290 200
290 210
290 220
290 230
290 240
300 0
300 10
300 20
300 30
300 40
300 50
300 60
300 70
300 80
300 90
300 100
300 110
300 120
300 130
300 140
300 150
300 160
300 170
300 180
300 190
300 200
300 210
300 220
300 230
300 240
310 0
310 10
310 20
310 30
310 40
310 50
310 60
310 70
310 80
310 90
310 100
310 110
310 120
310 130
310 140
310 150
310 160
310 170
310 180
310 190
310 200
310 210
310 220
310 230
310 240
320 0
320 10
320 20
320 30
320 40
320 50
320 60
320 70
320 80
320 90
320 100
320 110
320 120
320 130
320 140
320 150
320 160
320 170
320 180
320 190
320 200
320 210
320 220
320 230
320 240
330 0
330 10
330 20
330 30
330 40
330 50
330 60
330 70
330 80
330 90
330 100
330 110
330 120
330 130
330 140
330 150
330 160
330 170
330 180
330 190
330 200
330 210
330 220
330 230
330 240
340 0
340 10
340 20
340 30
340 40
340 50
340 60
340 70
340 80
340 90
340 100
340 110
340 120
340 130
340 140
340 150
340 160
340 170
340 180
340 190
340 200
340 210
340 220
340 230
340 240
350 0
350 10
350 20
350 30
350 40
350 50
350 60
350 70
350 80
350 90
350 100
350 110
350 120
350 130
350 140
350 150
350 160
350 170
350 180
350 190
350 200
350 210
350 220
350 230
350 240
360 0
360 10
360 20
360 30
360 40
360 50
360 60
360 70
360 80
360 90
360 100
360 110
360 120
360 130
360 140
360 150
360 160
360 170
360 180
360 190
360 200
360 210
360 220
360 230
360 240
370 0
370 10
370 20
370 30
370 40
370 50
370 60
370 70
370 80
370 90
370 100
370 110
370 120
370 130
370 140
370 150
370 160
370 170
370 180
370 190
370 200
370 210
370 220
370 230
370 240
380 0
380 10
380 20
380 30
380 40
380 50
380 60
380 70
380 80
380 90
380 100
380 110
380 120
380 130
380 140
380 150
380 160
380 170
380 180
380 190
380 200
380 210
380 220
380 230
380 240
390 0
390 10
390 20
390 30
390 40
390 50
390 60
390 70
390 80
390 90
390 100
390 110
390 120
390 130
390 140
390 150
390 160
390 170
390 180
390 190
390 200
390 210
390 220
390 230
390 240
400 0
400 10
400 20
400 30
400 40
400 50
400 60
400 70
400 80
400 90
400 100
400 110
400 120
400 130
400 140
400 150
400 160
400 170
400 180
400 190
400 200
400 210
400 220
400 230
400 240
410 0
410 10
410 20
410 30
410 40
410 50
410 60
410 70
410 80
410 90
410 100
410 110
410 120
410 130
410 140
410 150
410 160
410 170
410 180
410 190
410 200
410 210
410 220
410 230
410 240
420 0
420 10
420 20
420 30
420 40
420 50
420 60
420 70
420 80
420 90
420 100
420 110
420 120
420 130
420 140
420 150
420 160
420 170
420 180
420 190
420 200
420 210
420 220
420 230
420 240
430 0
430 10
430 20
430 30
430 40
430 50
430 60
430 70
430 80
430 90
430 100
430 110
430 120
430 130
430 140
430 150
430 160
430 170
430 180
430 190
430 200
430 210
430 220
430 230
430 240
440 0
440 10
440 20
440 30
440 40
440 50
440 60
440 70
440 80
440 90
440 100
440 110
440 120
440 130
440 140
440 150
440 160
440 170
440 180
440 190
440 200
440 210
440 220
440 230
440 240
450 0
450 10
450 20
450 30
450 40
450 50
450 60
450 70
450 80
450 90
450 100
450 110
450 120
450 130
450 140
450 150
450 160
450 170
450 180
450 190
450 200
450 210
450 220
450 230
450 240
460 0
460 10
460 20
460 30
460 40
460 50
460 60
460 70
460 80
460 90
460 100
460 110
460 120
460 130
460 140
460 150
460 160
460 170
460 180
460 190
460 200
460 210
460 220
460 230
460 240
470 0
470 10
470 20
470 30
470 40
470 50
470 60
470 70
470 80
470 90
470 100
470 110
470 120
470 130
470 140
470 150
470 160
470 170
470 180
470 190
470 200
470 210
470 220
470 230
470 240
480 0
480 10
480 20
480 30
480 40
480 50
480 60
480 70
480 80
480 90
480 100
480 110
480 120
480 130
480 140
480 150
480 160
480 170
480 180
480 190
480 200
480 210
480 220
480 230
480 240
490 0
490 10
490 20
490 30
490 40
490 50
490 60
490 70
490 80
490 90
490 100
490 110
490 120
490 130
490 140
490 150
490 160
490 170
490 180
490 190
490 200
490 210
490 220
490 230
490 240
500 0
500 10
500 20
500 30
500 40
500 50
500 60
500 70
500 80
500 90
500 100
500 110
500 120
500 130
500 140
500 150
500 160
500 170
500 180
500 190
500 200
500 210
500 220
500 230
500 240
510 0
510 10
510 20
510 30
510 40
510 50
510 60
510 70
510 80
510 90
510 100
510 110
510 120
510 130
510 140
510 150
510 160
510 170
510 180
510 190
510 200
510 210
510 220
510 230
510 240
520 0
520 10
520 20
520 30
520 40
520 50
520 60
520 70
520 80
520 90
520 100
520 110
520 120
520 130
520 140
520 150
520 160
520 170
520 180
520 190
520 200
520 210
520 220
520 230
520 240
530 0
530 10
530 20
530 30
530 40
530 50
530 60
530 70
530 80
530 90
530 100
530 110
530 120
530 130
530 140
530 150
530 160
530 170
530 180
530 190
530 200
530 210
530 220
530 230
530 240
540 0
540 10
540 20
540 30
540 40
540 50
540 60
540 70
540 80
540 90
540 100
540 110
540 120
540 130
540 140
540 150
540 160
540 170
540 180
540 190
540 200
540 210
540 220
540 230
540 240
550 0
550 10
550 20
550 30
550 40
550 50
550 60
550 70
550 80
550 90
550 100
550 110
550 120
550 130
550 140
550 150
550 160
550 170
550 180
550 190
550 200
550 210
550 220
550 230
550 240
560 0
560 10
560 20
560 30
560 40
560 50
560 60
560 70
560 80
560 90
560 100
560 110
560 120
560 130
560 140
560 150
560 160
560 170
560 180
560 190
560 200
560 210
560 220
560 230
560 240
570 0
570 10
570 20
570 30
570 40
570 50
570 60
570 70
570 80
570 90
570 100
570 110
570 120
570 130
570 140
570 150
570 160
570 170
570 180
570 190
570 200
570 210
570 220
570 230
570 240
580 0
580 10
580 20
580 30
580 40
580 50
580 60
580 70
580 80
580 90
580 100
580 110
580 120
580 130
580 140
580 150
580 160
580 170
580 180
580 190
580 200
580 210
580 220
580 230
580 240
590 0
590 10
590 20
590 30
590 40
590 50
590 60
590 70
590 80
590 90
590 100
590 110
590 120
590 130
590 140
590 150
590 160
590 170
590 180
590 190
590 200
590 210
590 220
590 230
590 240
600 0
600 10
600 20
600 30
600 40
600 50
600 60
600 70
600 80
600 90
600 100
600 110
600 120
600 130
600 140
600 150
600 160
600 170
600 180
600 190
600 200
600 210
600 220
600 230
600 240
610 0
610 10
610 20
610 30
610 40
610 50
610 60
610 70
610 80
610 90
610 100
610 110
610 120
610 130
610 140
610 150
610 160
610 170
610 180
610 190
610 200
610 210
610 220
610 230
610 240
620 0
620 10
620 20
620 30
620 40
620 50
620 60
620 70
620 80
620 90
620 100
620 110
620 120
620 130
620 140
620 150
620 160
620 170
620 180
620 190
620 200
620 210
620 220
620 230
620 240
630 0
630 10
630 20
630 30
630 40
630 50
630 60
630 70
630 80
630 90
630 100
630 110
630 120
630 130
630 140
630 150
630 160
630 170
630 180
630 190
630 200
630 210
630 220
630 230
630 240
640 0
640 10
640 20
640 30
640 40
640 50
640 60
640 70
640 80
640 90
640 100
640 110
640 120
640 130
640 140
640 150
640 160
640 170
640 180
640 190
640 200
640 210
640 220
640 230
640 240
650 0
650 10
650 20
650 30
650 40
650 50
650 60
650 70
650 80
650 90
650 100
650 110
650 120
650 130
650 140
650 150
650 160
650 170
650 180
650 190
650 200
650 210
650 220
650 230
650 240
660 0
660 10
660 20
660 30
660 40
660 50
660 60
660 70
660 80
660 90
660 100
660 110
660 120
660 130
660 140
660 150
660 160
660 170
660 180
660 190
660 200
660 210
660 220
660 230
660 240
670 0
670 10
670 20
670 30
670 40
670 50
670 60
670 70
670 80
670 90
670 100
670 110
670 120
670 130
670 140
670 150
670 160
670 170
670 180
670 190
670 200
670 210
670 220
670 230
670 240
680 0
680 10
680 20
680 30
680 40
680 50
680 60
680 70
680 80
680 90
680 100
680 110
680 120
680 130
680 140
680 150
680 160
680 170
680 180
680 190
680 200
680 210
680 220
680 230
680 240
690 0
690 10
690 20
690 30
690 40
690 50
690 60
690 70
690 80
690 90
690 100
690 110
690 120
690 130
690 140
690 150
690 160
690 170
690 180
690 190
690 200
690 210
690 220
690 230
690 240
700 0
700 10
700 20
700 30
700 40
700 50
700 60
700 70
700 80
700 90
700 100
700 110
700 120
700 130
700 140
700 150
700 160
700 170
700 180
700 190
700 200
700 210
700 220
700 230
700 240
710 0
710 10
710 20
710 30
710 40
710 50
710 60
710 70
710 80
710 90
710 100
710 110
710 120
710 130
710 140
710 150
710 160
710 170
710 180
710 190
710 200
710 210
710 220
710 230
710 240
720 0
720 10
720 20
720 30
720 40
720 50
720 60
720 70
720 80
720 90
720 100
720 110
720 120
720 130
720 140
720 150
720 160
720 170
720 180
720 190
720 200
720 210
720 220
720 230
720 240
730 0
730 10
730 20
730 30
730 40
730 50
730 60
730 70
730 80
730 90
730 100
730 110
730 120
730 130
730 140
730 150
730 160
730 170
730 180
730 190
730 200
730 210
730 220
730 230
730 240
740 0
740 10
740 20
740 30
740 40
740 50
740 60
740 70
740 80
740 90
740 100
740 110
740 120
740 130
740 140
740 150
740 160
740 170
740 180
740 190
740 200
740 210
740 220
740 230
740 240
750 0
750 10
750 20
750 30
750 40
750 50
750 60
750 70
750 80
750 90
750 100
750 110
750 120
750 130
750 140
750 150
750 160
750 170
750 180
750 190
750 200
750 210
750 220
750 230
750 240
760 0
760 10
760 20
760 30
760 40
760 50
760 60
760 70
760 80
760 90
760 100
760 110
760 120
760 130
760 140
760 150
760 160
760 170
760 180
760 190
760 200
760 210
760 220
760 230
760 240
770 0
770 10
770 20
770 30
770 40
770 50
770 60
770 70
770 80
770 90
770 100
770 110
770 120
770 130
770 140
770 150
770 160
770 170
770 180
770 190
770 200
770 210
770 220
770 230
770 240
780 0
780 10
780 20
780 30
780 40
780 50
780 60
780 70
780 80
780 90
780 100
780 110
780 120
780 130
780 140
780 150
780 160
780 170
780 180
780 190
780 200
780 210
780 220
780 230
780 240
790 0
790 10
790 20
790 30
790 40
790 50
790 60
790 70
790 80
790 90
790 100
790 110
790 120
790 130
790 140
790 150
790 160
790 170
790 180
790 190
790 200
790 210
790 220
790 230
790 240
800 0
800 10
800 20
800 30
800 40
800 50
800 60
800 70
800 80
800 90
800 100
800 110
800 120
800 130
800 140
800 150
800 160
800 170
800 180
800 190
800 200
800 210
800 220
800 230
800 240
810 0
810 10
810 20
810 30
810 40
810 50
810 60
810 70
810 80
810 90
810 100
810 110
810 120
810 130
810 140
810 150
810 160
810 170
810 180
810 190
810 200
810 210
810 220
810 230
810 240
820 0
820 10
820 20
820 30
820 40
820 50
820 60
820 70
820 80
820 90
820 100
820 110
820 120
820 130
820 140
820 150
820 160
820 170
820 180
820 190
820 200
820 210
820 220
820 230
820 240
830 0
830 10
830 20
830 30
830 40
830 50
830 60
830 70
830 80
830 90
830 100
830 110
830 120
830 130
830 140
830 150
830 160
830 170
830 180
830 190
830 200
830 210
830 220
830 230
830 240
840 0
840 10
840 20
840 30
840 40
840 50
840 60
840 70
840 80
840 90
840 100
840 110
840 120
840 130
840 140
840 150
840 160
840 170
840 180
840 190
840 200
840 210
840 220
840 230
840 240
850 0
850 10
850 20
850 30
850 40
850 50
850 60
850 70
850 80
850 90
850 100
850 110
850 120
850 130
850 140
850 150
850 160
850 170
850 180
850 190
850 200
850 210
850 220
850 230
850 240
860 0
860 10
860 20
860 30
860 40
860 50
860 60
860 70
860 80
860 90
860 100
860 110
860 120
860 130
860 140
860 150
860 160
860 170
860 180
860 190
860 200
860 210
860 220
860 230
860 240
870 0
870 10
870 20
870 30
870 40
870 50
870 60
870 70
870 80
870 90
870 100
870 110
870 120
870 130
870 140
870 150
870 160
870 170
870 180
870 190
870 200
870 210
870 220
870 230
870 240
880 0
880 10
880 20
880 30
880 40
880 50
880 60
880 70
880 80
880 90
880 100
880 110
880 120
880 130
880 140
880 150
880 160
880 170
880 180
880 190
880 200
880 210
880 220
880 230
880 240
890 0
890 10
890 20
890 30
890 40
890 50
890 60
890 70
890 80
890 90
890 100
890 110
890 120
890 130
890 140
890 150
890 160
890 170
890 180
890 190
890 200
890 210
890 220
890 230
890 240
900 0
900 10
900 20
900 30
900 40
900 50
900 60
900 70
900 80
900 90
900 100
900 110
900 120
900 130
900 140
900 150
900 160
900 170
900 180
900 190
900 200
900 210
900 220
900 230
900 240
910 0
910 10
910 20
910 30
910 40
910 50
910 60
910 70
910 80
910 90
910 100
910 110
910 120
910 130
910 140
910 150
910 160
910 170
910 180
910 190
910 200
910 210
910 220
910 230
910 240
920 0
920 10
920 20
920 30
920 40
920 50
920 60
920 70
920 80
920 90
920 100
920 110
920 120
920 130
920 140
920 150
920 160
920 170
920 180
920 190
920 200
920 210
920 220
920 230
920 240
930 0
930 10
930 20
930 30
930 40
930 50
930 60
930 70
930 80
930 90
930 100
930 110
930 120
930 130
930 140
930 150
930 160
930 170
930 180
930 190
930 200
930 210
930 220
930 230
930 240
940 0
940 10
940 20
940 30
940 40
940 50
940 60
940 70
940 80
940 90
940 100
940 110
940 120
940 130
940 140
940 150
940 160
940 170
940 180
940 190
940 200
940 210
940 220
940 230
940 240
950 0
950 10
950 20
950 30
950 40
950 50
950 60
950 70
950 80
950 90
950 100
950 110
950 120
950 130
950 140
950 150
950 160
950 170
950 180
950 190
950 200
950 210
950 220
950 230
950 240
960 0
960 10
960 20
960 30
960 40
960 50
960 60
960 70
960 80
960 90
960 100
960 110
960 120
960 130
960 140
960 150
960 160
960 170
960 180
960 190
960 200
960 210
960 220
960 230
960 240
970 0
970 10
970 20
970 30
970 40
970 50
970 60
970 70
970 80
970 90
970 100
970 110
970 120
970 130
970 140
970 150
970 160
970 170
970 180
970 190
970 200
970 210
970 220
970 230
970 240
980 0
980 10
980 20
980 30
980 40
980 50
980 60
980 70
980 80
980 90
980 100
980 110
980 120
980 130
980 140
980 150
980 160
980 170
980 180
980 190
980 200
980 210
980 220
980 230
980 240
990 0
990 10
990 20
990 30
990 40
990 50
990 60
990 70
990 80
990 90
990 100
990 110
990 120
990 130
990 140
990 150
990 160
990 170
990 180
990 190
990 200
990 210
990 220
990 230
990 240
-10 0
1000 240